43.67
0.74
0.89
1.86
2.86
2.39
3.13
3.9
4.26
3.98
4.89
5.78
5.08
5.83
6.83
7.62
7.92
8.78
9.42
10.26
11.13
11.59
12.52
12.3
13.3
14.29
15.12
16.12
16.8
17.12
18.12
18.85
18.83
18.82
19.69
19.42
20.01
20.97
20.88
21.27
22.16
22.8
23.36
24.36
25.16
25.98
25.22
25.79
26.27
27.18
27.98
28.91
29.48
28.61
29.0
29.69
30.61
30.8
31.11
30.55
31.55
31.9
32.78
33.78
34.78
35.26
35.48
35.27
35.14
36.06
36.42
35.42
36.42
37.37
37.19
37.57
38.13
38.85
38.46
39.44
39.78
38.99
39.65
39.85
40.43
41.11
42.09
41.55
41.66
41.91
42.56
41.78
41.44
41.5
41.6
42.6
42.55
43.53
43.85
43.5
44.03
44.09
44.82
45.34
44.78
45.42
45.43
46.0
45.76
46.27
45.98
46.23
46.81
46.42
46.47
47.37
47.81
48.56
47.68
47.06
47.91
48.24
49.14
48.39
48.91
49.79
48.86
49.4
49.42
48.66
49.65
49.47
50.21
49.41
49.18
49.22
50.12
50.47
50.93
51.41
51.18
51.45
51.09
50.71
51.56
52.51
52.6
53.26
54.02
54.48
55.25
55.23
55.33
56.24
56.22
56.43
57.37
58.1
57.73
57.5
56.91
56.0
55.2
55.62
55.07
54.22
54.36
54.57
54.98
55.91
55.74
55.24
55.72
55.3
55.34
56.05
56.86
56.21
56.94
57.17
56.64
57.07
57.39
56.53
57.14
56.14
56.18
56.61
56.9
55.9
55.86
55.98
56.08
56.01
55.01
54.97
54.23
53.23
53.27
54.21
54.78
54.27
54.81
54.81
54.01
54.85
55.35
55.27
55.3
54.34
54.79
55.76
56.53
57.0
56.71
56.88
56.14
55.63
55.34
55.74
56.43
55.64
56.09
55.11
54.89
55.3
54.94
55.7
56.43
57.35
56.84
56.53
56.85
56.59
57.22
57.87
58.71
59.12
58.25
58.11
57.99
58.77
58.07
57.27
57.13
57.9
57.12
56.12
55.61
54.97
54.11
54.59
55.54
54.54
55.1
54.97
54.65
54.53
55.53
55.83
55.42
55.09
55.12
56.11
56.99
56.04
56.35
56.64
57.03
56.61
57.17
58.06
58.54
59.01
58.5
57.76
56.76
56.07
56.89
57.7
56.97
57.62
57.42
56.53
55.83
56.17
56.09
55.93
55.97
56.5
55.67
55.46
54.51
55.34
56.0
56.27
57.17
56.17
55.49
55.9
56.29
55.78
55.56
55.15
54.15
53.84
53.67
52.84
51.95
51.07
51.29
50.83
51.69
52.5
51.57
50.58
50.03
49.9
50.6
50.57
50.21
49.69
50.03
49.86
50.79
50.58
50.21
51.09
50.29
51.0
51.5
51.34
51.88
52.19
51.38
52.05
51.58
51.66
51.95
52.36
52.81
53.02
53.1
52.29
51.4
51.29
51.55
51.41
51.32
51.19
50.83
49.83
49.24
49.55
49.78
49.0
48.59
49.43
50.3
50.94
50.45
50.79
49.92
49.05
48.88
48.34
48.85
48.98
49.74
49.09
49.61
49.23
49.04
49.98
50.08
50.74
50.3
49.94
49.01
49.97
50.17
50.79
50.66
51.58
50.93
51.56
51.54
50.86
50.51
50.04
50.43
50.0
49.81
50.22
49.46
49.21
49.76
49.66
49.91
49.04
49.75
49.21
49.8
49.99
48.99
48.07
48.8
48.19
49.19
50.0
50.46
51.05
51.01
50.46
49.48
48.99
48.83
48.3
47.76
46.79
46.89
46.79
47.26
47.95
48.54
48.33
48.7
48.75
48.69
48.52
47.99
47.35
46.93
46.34
47.1
46.81
46.0
45.45
44.58
45.2
45.31
45.34
45.01
44.28
44.57
43.82
43.95
44.43
43.64
43.65
43.57
42.62
43.47
44.22
43.29
43.78
44.44
44.35
44.06
43.22
42.75
43.6
42.94
42.59
42.81
42.94
42.88
43.09
42.23
42.84
43.54
43.59
42.81
43.44
43.81
44.57
43.73
43.55
43.65
44.17
43.77
43.66
44.03
43.49
43.26
43.59
42.95
43.74
43.7
42.73
43.21
42.64
42.92
42.44
42.6
41.93
42.3
42.7
42.73
42.09
42.61
